a = [-3 2 0 5 -1 8 3 0 -4];


a>=